-136.484    115.232    539.959
-134.946    118.201    523.344
-127.859    122.717    506.524
-134.928    124.906    463.443
-134.744    76.5987    539.235
-135.189    79.1848    519.166
-135.755    81.7325    499.719
-134.721    85.7964    459.786
-135.56    38.0544    534.841
-135.223    39.3639    515.772
-134.637    -2.44207    531.422
-131.835    0.730429    489.705
-133.463    3.41791    471.205
-133.452    6.08191    451.799
-134.542    -42.1296    527.486
-134.681    -39.7945    507.627
-132.429    -35.6122    466.592
-136.227    -32.3234    443.572
-96.7094    117.317    541.397
-95.3447    118.915    521.014
-89.4082    123.989    502.426
-96.0279    79.9014    518.184
-89.4074    83.5533    483
-95.006    85.2606    457.182
-95.2906    38.155    536.279
-95.5169    40.0842    514.538
-94.9764    41.3851    494.018
-95.2951    44.8881    475.316
-94.6933    2.9663    491.212
-94.0107    6.9978    450.804
-94.1937    -38.6713    506.294
-94.0813    -32.011    446.016
-57.0089    118.671    519.635
-55.4597    123.183    480.788
-56.6225    80.1828    517.309
-51.6089    43.4696    492.01
-53.5178    0.848187    510.107
-55.1667    3.86352    489.673
-53.7537    5.36121    470.916
-53.8688    -40.9478    526.789
-54.5503    -35.9078    485.177
-17.5924    120.921    498.743
-16.9279    125.938    459.329
-12.8757    46.1194    451.32
-15.3925    5.70672    485.536
-16.6548    8.7618    445.945
-16.4045    -36.7005    504.776
20.8134    120.778    499.204
22.0111    38.5129    529.222
