-473   -253   950   0.953   -0.116   -2.435
-473   -253   970   0.953   -0.116   -2.335
-473   -253   990   0.953   -0.116   -2.235
-473   -253   1030   0.953   -0.116   -2.035
-473   -293   950   0.953   -0.066   -2.435
-473   -293   970   0.953   -0.066   -2.335
-473   -293   990   0.953   -0.066   -2.235
-473   -293   1030   0.953   -0.066   -2.035
-473   -333   950   0.953   -0.016   -2.435
-473   -333   970   0.953   -0.016   -2.335
-473   -373   950   0.953   0.034   -2.435
-473   -373   990   0.953   0.034   -2.235
-473   -373   1010   0.953   0.034   -2.135
-473   -373   1030   0.953   0.034   -2.035
-473   -413   950   0.953   0.084   -2.435
-473   -413   970   0.953   0.084   -2.335
-473   -413   1010   0.953   0.084   -2.135
-473   -413   1030   0.953   0.084   -2.035
-513   -253   950   1.003   -0.116   -2.435
-513   -253   970   1.003   -0.116   -2.335
-513   -253   990   1.003   -0.116   -2.235
-513   -293   970   1.003   -0.066   -2.335
-513   -293   1010   1.003   -0.066   -2.135
-513   -293   1030   1.003   -0.066   -2.035
-513   -333   950   1.003   -0.016   -2.435
-513   -333   970   1.003   -0.016   -2.335
-513   -333   990   1.003   -0.016   -2.235
-513   -333   1010   1.003   -0.016   -2.135
-513   -373   990   1.003   0.034   -2.235
-513   -373   1030   1.003   0.034   -2.035
-513   -413   970   1.003   0.084   -2.335
-513   -413   1030   1.003   0.084   -2.035
-553   -253   970   1.053   -0.116   -2.335
-553   -253   1010   1.053   -0.116   -2.135
-553   -293   970   1.053   -0.066   -2.335
-553   -333   990   1.053   -0.016   -2.235
-553   -373   970   1.053   0.034   -2.335
-553   -373   990   1.053   0.034   -2.235
-553   -373   1010   1.053   0.034   -2.135
-553   -413   950   1.053   0.084   -2.435
-553   -413   990   1.053   0.084   -2.235
-593   -253   990   1.103   -0.116   -2.235
-593   -253   1030   1.103   -0.116   -2.035
-593   -333   1030   1.103   -0.016   -2.035
-593   -373   990   1.103   0.034   -2.235
-593   -373   1030   1.103   0.034   -2.035
-593   -413   970   1.103   0.084   -2.335
-633   -253   990   1.153   -0.116   -2.235
-633   -333   950   1.153   -0.016   -2.435
