index:1
position:
x:0.334019
y:-0.557346
z:0.240060
orientation:
w:0.073800
x:0.091136
y:0.458911
z:-0.880709


index:2
position:
x:0.344019
y:-0.547346
z:0.230060
orientation:
w:0.073800
x:0.091136
y:0.458911
z:-0.880709


index:3
position:
x:0.334019
y:-0.567346
z:0.220060
orientation:
w:0.073800
x:0.091136
y:0.458911
z:-0.880709


index:4
position:
x:0.354019
y:-0.537346
z:0.250060
orientation:
w:0.073800
x:0.091136
y:0.458911
z:-0.880709


H
[[ 0.88336361 -0.09939772 -0.10887383  0.36549222]]
[[ 0.0650854  -0.85373434  0.5454281  -0.74495456]]
[[-0.22246728 -0.5611997  -0.81528776  0.53349285]]
[[ 0.00000000e+00 -3.55271368e-15  0.00000000e+00  1.00000000e+00]]

H
[[ 1.03649004  0.00204909 -0.27646845  0.4197266 ]]
[[ 0.05448845 -0.86143309  0.58177614 -0.75690058]]
[[-0.23289275 -0.56854372 -0.77349895  0.51974285]]
[[ 0.00000000e+00  7.10542736e-15 -1.42108547e-14  1.00000000e+00]]

p_robot
[0.334019 0.344019 0.334019 0.354019]
[-0.557346 -0.547346 -0.567346 -0.537346]
[0.28006 0.27006 0.26006 0.29006]
[1. 1. 1. 1.]

p_camera
[0.002822990994900465, -0.015298277139663696, 0.3201562166213989]
[0.015447565354406834, -0.018326135352253914, 0.33161574602127075]
[0.005626647733151913, 0.003943300805985928, 0.33113232254981995]
[0.021662045270204544, -0.038335107266902924, 0.3185952603816986]

H
[[ 1.0463097   0.00633825 -0.27837298  0.42028508]]
[[ 0.05855571 -0.85965653  0.58098729 -0.75666926]]
[[-0.22379131 -0.56456827 -0.77526417  0.52026048]]
[[-1.42108547e-14  7.10542736e-15 -1.42108547e-14  1.00000000e+00]]

rot_mat
(-2.5121725374229444, 0.2103918617602284, 0.055905716320032973)

H
[[ 1.0463097   0.00633825 -0.27837298  0.42028508]]
[[ 0.05855571 -0.85965653  0.58098729 -0.75666926]]
[[-0.22379131 -0.56456827 -0.77526417  0.52026048]]
[[-1.42108547e-14  7.10542736e-15 -1.42108547e-14  1.00000000e+00]]

p_camera
[0.002822990994900465, -0.015298277139663696, 0.3201562166213989]
[0.015447565354406834, -0.018326135352253914, 0.33161574602127075]
[0.005626647733151913, 0.003943300805985928, 0.33113232254981995]
[0.021662045270204544, -0.038335107266902924, 0.3185952603816986]

H
[[ 1.0463097   0.00633825 -0.27837298  0.42028508]]
[[ 0.05855571 -0.85965653  0.58098729 -0.75666926]]
[[-0.22379131 -0.56456827 -0.77526417  0.48026048]]
[[-1.42108547e-14  7.10542736e-15 -1.42108547e-14  1.00000000e+00]]

rot_mat
(-2.5121725374229418, 0.21039186176022515, 0.055905716320032973)

H
[[ 1.0463097   0.00633825 -0.27837298  0.42028508]]
[[ 0.05855571 -0.85965653  0.58098729 -0.75666926]]
[[-0.22379131 -0.56456827 -0.77526417  0.48026048]]
[[-1.42108547e-14  7.10542736e-15 -1.42108547e-14  1.00000000e+00]]

