p_robot 3-DoF index:15446271860_603512048721
[0.3570139732183161, -0.6160359664565905, 0.1580817182800823]
p_camera 3-DoF index:15446271860_603512048721
[0.048936884850263596, 0.07877332717180252, 0.358469694852829]

 
p_robot 3-DoF index:15446272780_755837917328
[0.2989898493602803, -0.49007714127436736, 0.17006288267467898]
p_camera 3-DoF index:15446272780_755837917328
[0.004161853808909655, -0.03602902591228485, 0.4248162806034088]

 
p_robot 3-DoF index:15446273500_16296005249
[0.18207076550591944, -0.5470058954165454, 0.16596621195227637]
p_camera 3-DoF index:15446273500_16296005249
[-0.11485518515110016, 0.014468870125710964, 0.42698946595191956]

 
p_robot 3-DoF index:15446274250_26782989502
[0.3820033744961515, -0.5099096118785442, 0.1250034229466732]
p_camera 3-DoF index:15446274250_26782989502
[0.09147900342941284, 0.005495864432305098, 0.4335252046585083]

 
p_robot 3-DoF index:15446275040_386621952057
[0.2670338485580967, -0.558937533294958, 0.18632611198159008]
p_camera 3-DoF index:15446275040_386621952057
[-0.03851409628987312, 0.0149381123483181, 0.38457998633384705]

 
p_robot 3-DoF index:15446275900_372375965118
[0.27708511938730657, -0.5730169468490531, 0.2620034992270484]
p_camera 3-DoF index:15446275900_372375965118
[-0.044032711535692215, -0.012032740749418736, 0.31194669008255005]

 
p_robot 3-DoF index:15446276520_951442956924
[0.1850104295519187, -0.46099344067515247, 0.1659112085682046]
p_camera 3-DoF index:15446276520_951442956924
[-0.10098742693662643, -0.05894429236650467, 0.4695798456668854]


 
H
[0.961562684047738, 0.12159274644170219, -0.21984120998947132, -0.18635897276764296, ]
[-0.000633235923720353, -0.8675965454122427, -0.5408603355388149, -0.369048661767866, ]
[-0.2358580170336353, 0.4941339635612474, -0.8452881374385175, 0.8812513311988821, ]
[8.881784197001252e-16, 0.0, -3.552713678800501e-15, 1.0, ]

 
H
[0.9719884714384629, 0.10840186013207279, -0.19482783354413813, -0.2001945761262767, ]
[0.009691701532525021, -0.8694477634491136, -0.5210237976010788, -0.37641641172992524, ]
[-0.23043615360301814, 0.4952353422085771, -0.8357841411829323, 0.8785537325672998, ]
[0.0, 3.552713678800501e-15, 0.0, 1.0, ]

 
H
[0.9606595284762544, 0.11200486932822774, -0.2622120210898913, -0.1835820355490359, ]
[-0.00013222409354446407, -0.8622778162676836, -0.5173557718891937, -0.3705891254953848, ]
[-0.235560318698663, 0.4972943216908172, -0.8313218615118529, 0.8803359965517794, ]
[0.0, 0.0, 7.105427357601002e-15, 1.0, ]

 
H
[0.974794663838855, 0.11175543348077721, -0.19113399701095207, -0.2000182740185217, ]
[0.023703094810160356, -0.852703282540562, -0.5025803735641065, -0.37553613061766594, ]
[-0.22480112655079587, 0.501969547795805, -0.828366663754057, 0.8789077593070291, ]
[0.0, 0.0, 0.0, 1.0, ]

 
H
[0.9522421416243222, 0.0619653919565879, -0.18786883432906587, -0.22315532733410115, ]
[0.010036424586563703, -0.84724479626148, -0.515351324974216, -0.3652754605671695, ]
[-0.2273424157425823, 0.5117531177458225, -0.8343711982623963, 0.8867912731605907, ]
[8.881784197001252e-16, -3.552713678800501e-15, 0.0, 1.0, ]

 
H
[0.988623962248621, -0.013633587396225444, -0.23096325154995356, 0.3925010855633612, ]
[0.12295343035197526, -0.8559734747517833, 0.5003467682361684, -0.7339841990728817, ]
[-0.2054063500834732, -0.5065616671803358, -0.8345626538966097, 0.5072026330010055, ]
[-4.440892098500626e-16, 0.0, -8.881784197001252e-16, 1.0, ]

 
Trans
[[ 0.38945469]
 [-0.73141351]
 [ 0.51210486]]

 
Rot
(-2.5888114572151153, 0.18368573886797526, 0.13746591925970295)

 
